%YAML:1.0
R: !!opencv-matrix
   rows: 3
   cols: 3
   dt: d
   data: [ 9.9996639127954745e-001, -1.7675514003584634e-003,
       8.0057525196695380e-003, 1.7093171283309922e-003,
       9.9997207544951972e-001, 7.2750639952487237e-003,
       -8.0183880121816632e-003, -7.2611351197495889e-003,
       9.9994148897345936e-001 ]
T: !!opencv-matrix
   rows: 3
   cols: 1
   dt: d
   data: [ -5.5248347709613881e+001, -2.2859544410168448e-001,
       -4.5928973524612743e-001 ]
R1: !!opencv-matrix
   rows: 3
   cols: 3
   dt: d
   data: [ 9.9986369782899887e-001, 2.3094681695893624e-003,
       1.6347847579856117e-002, -2.3686703218596277e-003,
       9.9999070396924150e-001, 3.6029676666863211e-003,
       -1.6339374670619911e-002, -3.6411992357599917e-003,
       9.9985987343402205e-001 ]
R2: !!opencv-matrix
   rows: 3
   cols: 3
   dt: d
   data: [ 9.9995688840774410e-001, 4.1374194607520015e-003,
       8.3128266015922801e-003, -4.1072812155510093e-003,
       9.9998494268994409e-001, -3.6393178489495578e-003,
       -8.3277588172768081e-003, 3.6050178356135144e-003,
       9.9995882529206481e-001 ]
P1: !!opencv-matrix
   rows: 3
   cols: 4
   dt: d
   data: [ 8.5314892459197074e+002, 0., 6.0263675143379044e+002, 0., 0.,
       8.5314892459197074e+002, 4.9828898653550323e+002, 0., 0., 0., 1.,
       0. ]
P2: !!opencv-matrix
   rows: 3
   cols: 4
   dt: d
   data: [ 8.5314892459197074e+002, 0., 6.0263675143379044e+002,
       -4.7137100589401089e+004, 0., 8.5314892459197074e+002,
       4.9828898653550323e+002, 0., 0., 0., 1., 0. ]
Q: !!opencv-matrix
   rows: 4
   cols: 4
   dt: d
   data: [ 1., 0., 0., -6.0263675143379044e+002, 0., 1., 0.,
       -4.9828898653550323e+002, 0., 0., 0., 8.5314892459197074e+002, 0.,
       0., 1.8099308483640671e-002, 0. ]
