%YAML:1.0
image_width: 1080
image_height: 1080
M1: !!opencv-matrix
   rows: 3
   cols: 3
   dt: d
   data: [ 9.5640646546572634e+002, 0., 6.0791305113046349e+002, 0.,
       9.5698789970134419e+002, 4.9699727905095182e+002, 0., 0., 1. ]
D1: !!opencv-matrix
   rows: 4
   cols: 1
   dt: d
   data: [ 1.9360024769992924e-002, -3.5251861253659628e-001,
       1.3750842094947935e+000, -1.7703192164120936e+000 ]
M2: !!opencv-matrix
   rows: 3
   cols: 3
   dt: d
   data: [ 9.5371631086252364e+002, 0., 6.0353298460453527e+002, 0.,
       9.5400089675555682e+002, 5.1061912131186239e+002, 0., 0., 1. ]
D2: !!opencv-matrix
   rows: 4
   cols: 1
   dt: d
   data: [ 3.9129810039003843e-002, -4.3484131058215114e-001,
       1.4390005472132115e+000, -1.6799570820081717e+000 ]
