%YAML:1.0
R1: !!opencv-matrix
   rows: 3
   cols: 3
   dt: d
   data: [ -9.7508630361547688e-001, -2.3494410847460068e-002,
       2.2057813391276326e-001, 8.2615922432515407e-002,
       -9.6130120652305551e-001, 2.6282047046975321e-001,
       2.0586721415060433e-001, 2.7449590706647808e-001,
       9.3929265255383543e-001 ]
T1: !!opencv-matrix
   rows: 0
   cols: 0
   dt: u
   data: []
R2: !!opencv-matrix
   rows: 3
   cols: 3
   dt: d
   data: [ -9.7154713905136225e-001, -3.0472540127024959e-002,
       2.3487779992864316e-001, 8.7984776851219387e-002,
       -9.6715779537323709e-001, 2.3846273899966158e-001,
       2.1989732977813531e-001, 2.5234346265949997e-001,
       9.4232050874925777e-001 ]
T2: !!opencv-matrix
   rows: 0
   cols: 0
   dt: u
   data: []
